[GCP0]
Pixel=0
Line=0
X=39.048448
Y=51.747014
[GCP1]
Pixel=7986
Line=0
X=39.05776
Y=51.747
[GCP2]
Pixel=0
Line=3606
X=39.048469
Y=51.74439
[GCP3]
Pixel=7986
Line=3606
X=39.05776
Y=51.74439
